# sigma rate [Hz] error on rate [Hz]
1.500000000000000000e+00 7.578316307067869961e-02 4.248402329880454362e-07
1.550000000000000044e+00 6.977107238769530984e-02 7.951930202248262095e-06
1.600000000000000089e+00 6.364271926879883079e-02 5.583614490732268920e-07
1.650000000000000133e+00 5.755710601806640625e-02 7.169684693883713285e-06
1.700000000000000178e+00 5.163228416442870727e-02 1.739821906516163352e-07
1.750000000000000222e+00 4.593047142028808261e-02 1.830184749737022971e-06
1.800000000000000266e+00 4.055793952941894737e-02 4.193105664652335580e-06
1.850000000000000311e+00 3.553475189208984975e-02 6.538493490585996928e-06
1.900000000000000355e+00 3.090929985046386719e-02 1.255638910837222191e-06
1.950000000000000400e+00 2.668770980834960643e-02 2.414171482703960824e-06
2.000000000000000444e+00 2.289969444274902316e-02 4.673242562888126346e-06
2.050000000000000711e+00 1.950534248352051025e-02 1.739821906528429713e-07
2.100000000000000533e+00 1.650808525085449216e-02 3.993498190103328243e-06
2.150000000000000355e+00 1.388558387756347670e-02 1.010175665108833366e-06
2.200000000000000622e+00 1.161445617675781194e-02 1.726334915006489347e-06
2.250000000000000888e+00 9.650629043579102978e-03 9.292537159679903796e-07
2.300000000000000711e+00 7.964429855346680937e-03 6.001711227953518148e-07
2.350000000000000533e+00 6.550836563110350869e-03 3.601026736771497531e-07
2.400000000000000799e+00 5.352935791015625035e-03 8.901414405474323491e-08
2.450000000000001066e+00 4.350021362304687042e-03 1.124815093058820744e-06
2.500000000000000888e+00 3.515695571899414215e-03 1.482220368431183768e-06
2.550000000000000711e+00 2.832305908203124924e-03 9.171154235971399268e-07
2.600000000000000977e+00 2.262525558471679965e-03 1.158532571867505410e-06
2.650000000000001243e+00 1.798618316650390679e-03 1.270474601512399487e-06
2.700000000000001066e+00 1.424594879150390672e-03 1.149091677800981589e-06
2.750000000000000888e+00 1.120365142822265635e-03 1.103235906621139950e-06
2.800000000000001155e+00 8.819332122802734384e-04 8.227064829323632415e-08
2.850000000000001421e+00 6.886787414550781840e-04 1.122117694754072396e-06
2.900000000000001243e+00 5.371589660644530799e-04 5.961250253380566038e-07
2.950000000000001066e+00 4.141292572021484193e-04 2.980625126690474660e-07
3.000000000000001332e+00 3.209571838378906267e-04 2.103970677663909698e-07
3.050000000000001599e+00 2.452640533447265599e-04 2.171405635281278765e-07
3.100000000000001421e+00 1.878261566162109267e-04 7.687585168386403593e-08
3.150000000000001243e+00 1.429347991943359241e-04 3.196416991066228575e-07
3.200000000000001510e+00 1.091938018798828034e-04 3.223390974113185836e-07
3.250000000000001776e+00 8.129501342773437478e-05 1.618438982818296235e-07
3.300000000000001599e+00 6.174850463867186589e-05 4.315837287515552093e-08
3.350000000000001421e+00 4.609107971191406087e-05 3.385234872395000875e-07
3.400000000000001688e+00 3.416633605957031299e-05 2.832268219932186031e-08
3.450000000000001954e+00 2.593803405761718788e-05 1.146394279496317044e-07
3.500000000000001776e+00 1.907157897949218517e-05 1.213829237113674166e-08
3.550000000000001599e+00 1.411247253417968754e-05 5.259926694159534694e-08
3.600000000000001865e+00 1.011466979980468738e-05 4.180967372280646671e-08
3.650000000000002132e+00 7.507324218749999892e-06 1.348699152348607151e-07
3.700000000000001954e+00 5.435943603515625169e-06 1.078959321878888023e-08
3.750000000000001776e+00 3.986358642578124729e-06 5.125056778924718607e-08
3.800000000000002043e+00 2.912521362304687757e-06 4.720447033220135350e-08
3.850000000000002309e+00 2.046585083007812412e-06 2.562528389462359304e-08
3.900000000000002132e+00 1.472473144531250037e-06 3.236877965636664070e-08
3.950000000000001954e+00 1.031875610351562358e-06 3.911227541810961557e-08
4.000000000000001776e+00 7.610321044921875407e-07 4.046097457045830088e-09
4.050000000000002487e+00 5.054473876953125254e-07 1.483569067583471115e-08
4.100000000000002309e+00 3.833770751953125229e-07 4.046097457045811890e-09
4.150000000000002132e+00 3.108978271484375114e-07 4.046097457045830088e-09
4.200000000000002842e+00 2.079010009765624994e-07 4.046097457045830088e-09
4.250000000000002665e+00 1.182556152343749992e-07 1.888178813288052221e-08
4.300000000000002487e+00 8.010864257812499174e-08 1.348699152348608706e-08
4.350000000000002309e+00 6.294250488281250296e-08 1.348699152348610029e-09
4.400000000000002132e+00 4.386901855468749926e-08 9.440894066440261105e-09
4.450000000000002842e+00 2.670288085937500056e-08 2.697398304697217990e-09
